# relative_time, cycles_done, cur_item, corpus_count, pending_total, pending_favs, map_size, saved_crashes, saved_hangs, max_depth, execs_per_sec, total_execs, edges_found
60, 2, 6, 7, 0, 0, 4.71%, 0, 0, 2, 307.95, 18198, 13
66, 2, 1, 7, 0, 0, 4.71%, 0, 0, 2, 317.41, 19878, 13
71, 2, 6, 7, 0, 0, 4.71%, 0, 0, 2, 315.58, 21449, 13
76, 2, 1, 7, 0, 0, 4.71%, 0, 0, 2, 310.71, 23062, 13
81, 2, 6, 7, 0, 0, 4.71%, 0, 0, 2, 322.87, 24744, 13
86, 2, 5, 7, 0, 0, 4.71%, 0, 0, 2, 319.64, 26342, 13
91, 3, 6, 7, 0, 0, 4.71%, 0, 0, 2, 298.37, 27817, 13
96, 3, 6, 7, 0, 0, 4.71%, 0, 0, 2, 314.35, 29416, 13
101, 3, 6, 7, 0, 0, 4.71%, 0, 0, 2, 317.79, 31067, 13
106, 3, 6, 7, 0, 0, 4.71%, 0, 0, 2, 311.82, 32632, 13
112, 3, 6, 7, 0, 0, 4.71%, 0, 0, 2, 308.19, 34189, 13
117, 3, 1, 7, 0, 0, 4.71%, 0, 0, 2, 323.34, 35833, 13
122, 3, 0, 7, 0, 0, 4.71%, 0, 0, 2, 316.57, 37421, 13
127, 4, 6, 7, 0, 0, 4.71%, 0, 0, 2, 312.06, 38974, 13
132, 4, 6, 7, 0, 0, 4.71%, 0, 0, 2, 314.38, 40601, 13
137, 4, 0, 7, 0, 0, 4.71%, 0, 0, 2, 338.54, 42361, 13
142, 4, 6, 7, 0, 0, 4.71%, 0, 0, 2, 316.31, 43991, 13
147, 4, 6, 7, 0, 0, 4.71%, 0, 0, 2, 295.77, 45459, 13
152, 4, 1, 7, 0, 0, 4.71%, 0, 0, 2, 327.54, 47134, 13
157, 5, 1, 7, 0, 0, 4.71%, 0, 0, 2, 318.62, 48709, 13
162, 5, 6, 7, 0, 0, 4.71%, 0, 0, 2, 312.26, 50300, 13
167, 5, 1, 7, 0, 0, 4.71%, 0, 0, 2, 331.74, 52028, 13
172, 6, 1, 7, 0, 0, 4.71%, 0, 0, 2, 319.46, 53636, 13
178, 6, 1, 7, 0, 0, 4.71%, 0, 0, 2, 313.83, 55232, 13
183, 6, 6, 7, 0, 0, 4.71%, 0, 0, 2, 305.89, 56852, 13
188, 6, 5, 7, 0, 0, 4.71%, 0, 0, 2, 318.16, 58503, 13
193, 6, 1, 7, 0, 0, 4.71%, 0, 0, 2, 320.35, 60108, 13
198, 7, 1, 7, 0, 0, 4.71%, 0, 0, 2, 305.57, 61653, 13
203, 7, 1, 7, 0, 0, 4.71%, 0, 0, 2, 308.73, 63213, 13
208, 7, 1, 7, 0, 0, 4.71%, 0, 0, 2, 318.71, 64833, 13
213, 7, 1, 7, 0, 0, 4.71%, 0, 0, 2, 323.82, 66477, 13
218, 7, 1, 7, 0, 0, 4.71%, 0, 0, 2, 314.71, 68043, 13
223, 7, 6, 7, 0, 0, 4.71%, 0, 0, 2, 320.07, 69654, 13
228, 7, 6, 7, 0, 0, 4.71%, 0, 0, 2, 303.66, 71149, 13
233, 8, 1, 7, 0, 0, 4.71%, 0, 0, 2, 299.84, 72674, 13
238, 8, 6, 7, 0, 0, 4.71%, 0, 0, 2, 301.96, 74207, 13
244, 8, 1, 7, 0, 0, 4.71%, 0, 0, 2, 316.86, 75866, 13
249, 8, 1, 7, 0, 0, 4.71%, 0, 0, 2, 316.47, 77433, 13
254, 8, 6, 7, 0, 0, 4.71%, 0, 0, 2, 308.78, 79025, 13
259, 8, 6, 7, 0, 0, 4.71%, 0, 0, 2, 315.70, 80659, 13
264, 9, 1, 7, 0, 0, 4.71%, 0, 0, 2, 303.99, 82196, 13
269, 9, 5, 7, 0, 0, 4.71%, 0, 0, 2, 301.37, 83764, 13
274, 9, 1, 7, 0, 0, 4.71%, 0, 0, 2, 284.42, 85169, 13
280, 9, 6, 7, 0, 0, 4.71%, 0, 0, 2, 307.22, 86814, 13
285, 9, 6, 7, 0, 0, 4.71%, 0, 0, 2, 302.78, 88303, 13
290, 9, 1, 7, 0, 0, 4.71%, 0, 0, 2, 300.98, 89800, 13
295, 10, 5, 7, 0, 0, 4.71%, 0, 0, 2, 313.01, 91388, 13
300, 10, 4, 7, 0, 0, 4.71%, 0, 0, 2, 317.17, 92950, 13
305, 10, 5, 7, 0, 0, 4.71%, 0, 0, 2, 307.83, 94551, 13
310, 10, 1, 7, 0, 0, 4.71%, 0, 0, 2, 309.43, 96105, 13
315, 11, 6, 7, 0, 0, 4.71%, 0, 0, 2, 308.27, 97635, 13
320, 11, 0, 7, 0, 0, 4.71%, 0, 0, 2, 301.42, 99176, 13
325, 11, 6, 7, 0, 0, 4.71%, 0, 0, 2, 299.00, 100683, 13
330, 11, 6, 7, 0, 0, 4.71%, 0, 0, 2, 298.93, 102225, 13
335, 11, 5, 7, 0, 0, 4.71%, 0, 0, 2, 273.89, 103562, 13
340, 11, 6, 7, 0, 0, 4.71%, 0, 0, 2, 284.74, 104968, 13
345, 11, 6, 7, 0, 0, 4.71%, 0, 0, 2, 275.68, 106371, 13
350, 12, 1, 7, 0, 0, 4.71%, 0, 0, 2, 294.10, 107858, 13
355, 12, 1, 7, 0, 0, 4.71%, 0, 0, 2, 293.72, 109347, 13
360, 12, 1, 7, 0, 0, 4.71%, 0, 0, 2, 284.50, 110829, 13
365, 12, 1, 7, 0, 0, 4.71%, 0, 0, 2, 272.29, 112183, 13
370, 12, 1, 7, 0, 0, 4.71%, 0, 0, 2, 265.59, 113487, 13
376, 13, 6, 7, 0, 0, 4.71%, 0, 0, 2, 279.14, 114952, 13
381, 13, 1, 7, 0, 0, 4.71%, 0, 0, 2, 300.60, 116534, 13
386, 13, 1, 7, 0, 0, 4.71%, 0, 0, 2, 310.45, 118076, 13
391, 13, 6, 7, 0, 0, 4.71%, 0, 0, 2, 274.66, 119430, 13
396, 13, 6, 7, 0, 0, 4.71%, 0, 0, 2, 279.52, 120887, 13
401, 13, 0, 7, 0, 0, 4.71%, 0, 0, 2, 281.86, 122359, 13
406, 13, 1, 7, 0, 0, 4.71%, 0, 0, 2, 268.83, 123684, 13
412, 14, 5, 7, 0, 0, 4.71%, 0, 0, 2, 278.23, 125159, 13
417, 14, 6, 7, 0, 0, 4.71%, 0, 0, 2, 298.53, 126690, 13
422, 14, 6, 7, 0, 0, 4.71%, 0, 0, 2, 313.64, 128385, 13
427, 14, 6, 7, 0, 0, 4.71%, 0, 0, 2, 310.97, 129940, 13
432, 14, 6, 7, 0, 0, 4.71%, 0, 0, 2, 294.60, 131440, 13
437, 14, 6, 7, 0, 0, 4.71%, 0, 0, 2, 275.25, 132823, 13
442, 15, 1, 7, 0, 0, 4.71%, 0, 0, 2, 281.91, 134301, 13
447, 15, 5, 7, 0, 0, 4.71%, 0, 0, 2, 273.62, 135651, 13
453, 15, 1, 7, 0, 0, 4.71%, 0, 0, 2, 301.77, 137238, 13
458, 15, 1, 7, 0, 0, 4.71%, 0, 0, 2, 308.64, 138780, 13
463, 15, 1, 7, 0, 0, 4.71%, 0, 0, 2, 303.40, 140280, 13
468, 15, 0, 7, 0, 0, 4.71%, 0, 0, 2, 289.18, 141788, 13
473, 16, 6, 7, 0, 0, 4.71%, 0, 0, 2, 293.81, 143302, 13
478, 16, 6, 7, 0, 0, 4.71%, 0, 0, 2, 295.13, 144793, 13
483, 16, 6, 7, 0, 0, 4.71%, 0, 0, 2, 263.51, 146072, 13
488, 16, 6, 7, 0, 0, 4.71%, 0, 0, 2, 273.92, 147511, 13
494, 16, 0, 7, 0, 0, 4.71%, 0, 0, 2, 298.44, 149058, 13
499, 16, 1, 7, 0, 0, 4.71%, 0, 0, 2, 305.24, 150627, 13
504, 17, 6, 7, 0, 0, 4.71%, 0, 0, 2, 311.88, 152259, 13
509, 17, 1, 7, 0, 0, 4.71%, 0, 0, 2, 298.15, 153755, 13
514, 17, 1, 7, 0, 0, 4.71%, 0, 0, 2, 309.19, 155341, 13
519, 17, 1, 7, 0, 0, 4.71%, 0, 0, 2, 270.00, 156635, 13
524, 17, 1, 7, 0, 0, 4.71%, 0, 0, 2, 295.42, 158122, 13
529, 18, 1, 7, 0, 0, 4.71%, 0, 0, 2, 294.21, 159631, 13
534, 18, 1, 7, 0, 0, 4.71%, 0, 0, 2, 294.16, 161069, 13
539, 18, 6, 7, 0, 0, 4.71%, 0, 0, 2, 267.33, 162413, 13
544, 18, 1, 7, 0, 0, 4.71%, 0, 0, 2, 257.53, 163705, 13
549, 18, 1, 7, 0, 0, 4.71%, 0, 0, 2, 251.27, 164940, 13
554, 18, 6, 7, 0, 0, 4.71%, 0, 0, 2, 238.35, 166091, 13
559, 18, 6, 7, 0, 0, 4.71%, 0, 0, 2, 224.44, 167196, 13
564, 18, 6, 7, 0, 0, 4.71%, 0, 0, 2, 234.22, 168440, 13
570, 18, 1, 7, 0, 0, 4.71%, 0, 0, 2, 229.11, 169621, 13
575, 19, 6, 7, 0, 0, 4.71%, 0, 0, 2, 246.71, 170839, 13
580, 19, 6, 7, 0, 0, 4.71%, 0, 0, 2, 259.63, 172158, 13
585, 19, 6, 7, 0, 0, 4.71%, 0, 0, 2, 244.38, 173413, 13
590, 19, 0, 7, 0, 0, 4.71%, 0, 0, 2, 230.07, 174595, 13
595, 19, 1, 7, 0, 0, 4.71%, 0, 0, 2, 220.80, 175702, 13
600, 19, 6, 7, 0, 0, 4.71%, 0, 0, 2, 218.08, 176805, 13
605, 19, 6, 7, 0, 0, 4.71%, 0, 0, 2, 226.71, 177962, 13
610, 19, 1, 7, 0, 0, 4.71%, 0, 0, 2, 214.07, 179014, 13
615, 20, 1, 7, 0, 0, 4.71%, 0, 0, 2, 219.75, 180152, 13
620, 20, 1, 7, 0, 0, 4.71%, 0, 0, 2, 227.75, 181306, 13
625, 20, 1, 7, 0, 0, 4.71%, 0, 0, 2, 227.98, 182437, 13
631, 20, 1, 7, 0, 0, 4.71%, 0, 0, 2, 229.44, 183609, 13
636, 20, 6, 7, 0, 0, 4.71%, 0, 0, 2, 220.88, 184691, 13
641, 20, 6, 7, 0, 0, 4.71%, 0, 0, 2, 232.82, 185916, 13
646, 20, 3, 7, 0, 0, 4.71%, 0, 0, 2, 228.27, 187046, 13
651, 20, 1, 7, 0, 0, 4.71%, 0, 0, 2, 224.36, 188213, 13
656, 20, 6, 7, 0, 0, 4.71%, 0, 0, 2, 19.51, 188922, 13
663, 20, 6, 7, 0, 0, 4.71%, 0, 0, 2, 9.77, 189316, 13
